--[[
Encrypted by Hackers House
Tool : https://hackershouse.tech/online-lua-obfuscator-free-unlimited
Version: 1.1.0
]]
_G["pDSTXITL"]=function(src)
  local box={__src=src}
  return setmetatable({}, {
    __index=function(_,k) return box.__src[k] end,
    __newindex=function(_,k,v) box.__src[k]=v end
  })
end
_G["sFa4JmS1"]=function(a,b)
  if type(a)~="table" then return nil end
  local mt=getmetatable(a)
  if mt and mt.__index then return a[b] end
  local p=_G["pDSTXITL"](a)
  return p[b]
end
_G["xbh2Zvbm"]={{k=151,b={250,10,13,219,221,255,201,201,230}},{k=97,b={187,203,218,163,153,166,181,165,173,202,163}},{k=198,b={58,39,40,50,43}},{k=29,b={124,146,94,136,144,102,117,112,102,119,100,113,133}},{k=83,b={150,191,133,183,183,159,195,162,166,155,172}},{k=82,b={184,199,192,181,198,187,193,192}},{k=138,b={254,235,236,246,239}},{k=93,b={59,58,181,58,58,58,132,25,36,191,213,213,33,36,24,22,33,213,20,254,35,46,27,234,1,247,247,7,31,28,242,232,235,191,213,213,33,36,24,22,33,213,37,254,248,31,46,250,14,32,242,233,233,191,213,213,30,27,213,221,221,221,20,254,35,46,27,234,1,247,247,7,31,28,223,37,254,248,31,46,250,59,59,72,58,58,58,104,145,159,97,93,96,139,129,154,177,162,117,124,134,134,150,158,163,94,184,129,135,158,177,133,145,159,97,97,109,109,120,97,104,169,154,164,104,96,96,96,96,139,129,154,177,162,59,58,79,58,58,58,116,132,155,145,145,161,185,182,122,191,152,146,185,200,148,168,186,120,121,134,120,124,119,119,174,152,189,200,181,132,155,145,145,161,185,182,121,134,120,122,119,191,152,146,185,200,148,168,186,121,134,120,120,120,140,140,127,120,111,59,59,74,58,58,58,127,158,178,175,184,84,182,185,173,171,182,106,175,184,176,140,144,184,163,181,176,179,97,146,103,94,97,95,84,182,185,173,171,182,106,124,163,148,155,97,156,182,160,130,178,139,184,144,103,90,84,161,178,179,182,175,106,158,156,159,175,106,174,185,84,106,106,179,176,106,59,60,206,77,85,58,136,77,248,96,180,0,248,201,191,96,153,227,38,85,85,170,227,189,46,106,134,77,248,140,46,46,46,46,228,201,76,49,227,68,210,144,86,134,161,248,0,85,228,201,76,49,227,68,210,144,86,134,161,248,0,255,113,140,46,46,46,46,153,96,46,198,228,201,76,49,227,68,210,144,86,134,161,248,0,59,60,230,81,225,58,120,172,215,149,241,126,68,197,140,13,215,36,154,128,206,62,189,200,48,172,215,149,97,97,54,198,82,62,249,200,198,249,200,16,212,48,200,197,131,16,85,215,94,97,169,54,77,198,249,154,59,249,198,249,200,16,212,48,200,197,131,16,85,59,58,80,58,58,58,109,135,152,141,137,136,133,112,181,190,180,90,112,112,181,188,195,181,185,182,112,181,190,182,146,150,190,201,187,182,185,135,152,141,141,133,128,129,112,196,184,181,190,90,112,90,188,191,179,177,188,112,59,58,234,58,58,58,129,43,33,60,60,57,55,68,27,90,79,86,31,78,61,37,10,78,89,10,86,89,77,75,86,10,89,76,58,81,91,87,43,27,85,96,39,68,84,99,44,34,47,62,46,54,83,44,18,73,49,22,18,80,95,88,77,94,83,89,88,18,19,86,89,77,75,86,10,85,39,27,59,59,222,58,58,58,123,209,204,217,2,5,1,255,2,190,0,211,25,208,202,202,194,198,198,198,208,202,205,201,207,207,199,195,207,207,199,201,198,207,209,195,207,209,199,199,194,198,198,208,209,209,201,215,199,195,215,199,194,198,198,208,209,204,200,207,199,201,198,207,206,195,59,60,13,81,225,58,102,116,93,188,188,1,165,165,139,208,116,234,116,231,188,24,116,231,188,1,165,165,165,139,208,139,234,116,139,188,24,116,139,188,234,165,116,231,24,116,231,188,188,1,165,59,58,92,58,58,58,117,132,132,142,145,140,135,143,133,137,143,133,135,132,143,137,143,133,133,136,132,132,142,144,141,134,141,133,135,132,141,149,137,141,149,133,133,136,132,132,142,144,146,134,141,133,135,132,141,148,137,141,148,133,133,136,132,132,132,142,59,59,131,58,58,58,99,180,170,156,178,185,154,158,178,185,154,156,155,178,171,158,178,171,154,154,110,172,105,96,117,163,90,174,155,155,155,178,156,178,171,154,158,178,171,154,156,155,59,60,223,63,7,58,143,217,207,192,217,207,172,172,187,142,201,127,211,10,127,251,10,206,196,251,127,45,16,201,166,236,176,192,246,6,127,236,221,127,45,11,167,167,207,177,212,172,182,167,232,192,232,172,172,127,35,231,216,5,127,45,16,45,182,217,232,237,127,216,5,211,6,127,201,166,236,176,16,30,35,25,236,5,226,197,206,231,196,25,167,45,59,59,115,58,58,58,148,74,83,150,145,151,60,83,133,150,135,134,133,145,83,135,146,149,143,150,81,148,144,145,148,146,135,75,149,74,83,150,145,151,74,75,74,74,75,152,146,142,150,61,171,135,135,131,184,150,135,75,180,143,69,151,151,175,131,176,164,171,154,75,75,66,76,66,67,78,66,67,74,74,79,83,135,133,134,150,74,74,75,74,60,83,178,72,165,165,176,59,58,118,58,58,58,118,195,208,167,230,219,226,171,218,201,179,229,216,198,221,231,227,183,167,225,236,150,219,228,218,128,128,150,128,226,229,217,215,226,150,216,197,183,226,166,175,215,208,236,198,217,208,150,179,150,221,215,227,219,176,189,219,234,201,219,232,59,58,164,58,58,58,134,26,13,7,9,204,231,16,214,8,8,240,20,243,247,236,253,204,204,214,207,214,217,209,214,217,205,205,205,174,16,19,7,5,16,196,248,254,13,27,232,231,231,16,215,220,30,251,25,223,196,8,19,196,16,19,7,5,16,196,237,20,14,6,237,3,253,214,21,225,6,243,229,16,212,221,5,59,58,206,58,58,58,104,40,68,30,49,40,252,26,61,49,47,58,30,58,47,71,51,64,9,238,34,40,55,69,18,17,17,58,1,6,72,37,67,11,23,62,56,48,23,45,39,0,63,238,51,60,50,59,58,163,58,58,58,130,173,15,18,6,4,15,195,251,243,17,11,219,215,15,215,228,214,217,222,195,7,18,195,15,18,6,4,15,195,239,252,27,213,231,217,211,211,14,224,10,4,16,8,221,234,8,23,246,8,21,25,12,6,8,203,230,15,213,7,7,239,19,242,246,235,252,203,203,214,206,217,208,59,59,175,58,58,58,137,125,150,150,150,136,143,103,95,85,87,135,123,83,123,110,128,125,130,115,102,71,129,107,125,127,127,88,143,74,85,75,185,83,84,80,78,83,143,116,87,70,84,81,61,126,95,120,94,77,123,58,60,105,136,143,75,84,143,83,84,80,78,83,143,58,107,107,60,114,65,91,84,75,109,130,103,95,85,87,59,59,71,58,58,58,146,111,115,155,115,134,120,117,93,136,178,185,185,162,157,179,136,166,154,162,185,166,112,103,124,159,174,156,169,181,118,151,128,150,165,115,178,180,145,106,178,131,131,180,122,185,147,156,163,133,103,162,157,163,65,65,103,65,155,156,168,166,155,103,133,160,126,169,134,148,146,161,155,179,112,103,163,156,103,155,156,168,166,155,103,162,134,154,149,59,58,175,58,58,58,129,24,19,241,228,18,236,240,230,1,1,254,252,9,224,31,20,27,228,19,2,233,242,33,20,16,35,20,6,24,29,19,30,38,215,42,185,207,207,207,207,253,16,28,20,207,236,207,242,27,225,19,19,251,31,254,2,247,8,215,215,227,218,231,225,220,231,225,216,216,219,185,59,58,122,58,58,58,98,154,154,154,154,205,239,220,238,227,238,230,223,154,183,154,189,230,172,222,222,198,234,201,205,194,211,162,162,175,165,179,178,167,179,178,163,163,166,132,154,59,58,164,58,58,58,113,196,196,196,240,19,11,19,237,232,196,225,196,231,16,214,8,8,240,20,243,247,236,253,204,204,218,207,216,215,209,216,215,205,205,208,174,196,196,196,196,240,19,5,8,13,18,11,233,18,5,6,16,9,8,196,59,58,100,58,58,58,134,161,132,216,214,217,201,144,110,132,132,132,132,176,211,197,200,205,210,203,184,205,216,208,201,132,161,132,167,208,150,200,200,176,212,179,183,172,189,140,140,155,143,155,145,155,141,141,144,110,132,132,132,132,176,211,197,200,205,210,203,183,217,198,216,205,216,208,201,132,161,132,167,208,150,200,200,59,58,23,58,58,58,117,99,135,102,106,95,112,63,63,79,66,73,71,68,73,71,64,64,67,33,55,55,55,55,90,134,133,125,128,126,106,124,139,139,128,133,126,138,55,84,55,146,33,55,55,55,55,55,55,55,55,105,134,134,139,93,134,131,123,124,59,60,254,77,85,58,101,116,94,133,94,40,201,2,66,188,94,94,94,94,94,94,94,94,247,59,40,144,201,163,48,59,2,106,125,116,94,133,94,247,2,180,106,106,162,78,219,39,86,153,59,60,136,77,85,58,129,128,128,195,185,62,81,223,62,81,147,147,70,232,232,232,232,207,204,70,232,232,232,232,25,7,131,177,131,17,36,7,159,232,15,232,26,187,140,17,7,204,70,207,147,233,232,186,121,243,206,91,253,215,102,140,36,15,7,91,159,234,83,244,110,119,225,232,7,178,244,70,59,59,114,58,58,58,121,108,82,108,142,145,149,147,142,82,138,165,184,136,168,134,184,173,182,58,138,170,148,165,134,175,82,63,82,125,108,82,82,82,82,177,137,144,151,132,82,63,82,184,141,171,148,179,169,167,140,142,134,60,181,132,151,147,134,151,166,147,148,74,59,60,3,79,119,58,95,26,213,163,163,163,163,163,163,163,163,105,248,244,76,163,4,163,130,223,29,55,55,63,51,126,210,235,80,75,75,8,243,138,71,113,180,71,59,58,21,58,58,58,100,75,62,62,65,31,53,53,53,53,53,53,53,53,94,120,132,131,53,82,53,88,129,71,121,121,97,133,100,104,93,110,61,61,70,70,64,74,72,66,74,72,62,59,58,11,58,58,58,104,52,55,21,43,43,43,43,43,43,43,43,84,120,108,114,112,94,122,128,125,110,112,43,72,43,78,119,61,111,111,87,123,90,94,83,100,51,51,60,61,54,67,63,56,67,63,59,60,244,71,255,58,102,9,9,48,118,148,148,148,148,148,148,148,148,43,60,151,255,56,73,216,112,21,148,13,148,216,190,229,21,48,118,148,148,148,148,77,9,48,118,148,148,148,148,43,251,59,58,145,58,58,58,103,3,250,1,5,177,206,177,215,252,218,243,210,232,230,251,253,5,203,212,3,246,242,5,246,229,242,243,185,12,155,177,177,177,177,177,177,177,177,223,242,254,246,177,206,177,59,59,101,58,58,58,128,162,129,83,137,137,161,149,158,178,157,172,61,61,84,82,58,83,83,64,83,83,60,60,65,91,69,69,69,69,69,69,69,69,156,130,126,127,69,80,69,162,129,83,137,137,161,149,158,178,157,172,61,61,84,89,58,84,82,64,84,82,60,60,65,91,69,69,69,69,69,59,60,136,69,221,58,139,232,232,232,171,55,179,245,223,25,77,143,110,201,223,232,39,232,105,44,174,212,212,204,88,237,25,160,91,64,64,163,174,97,163,152,218,119,163,152,218,75,75,108,246,232,232,232,232,232,232,232,232,25,0,77,165,36,11,132,44,223,232,39,232,132,110,143,223,108,246,232,232,232,232,231,75,108,246,232,232,232,59,58,191,58,58,58,106,223,18,36,51,51,40,45,38,50,223,252,223,5,42,8,33,0,22,20,41,43,51,249,2,49,36,32,51,36,19,32,33,231,58,201,223,223,223,223,223,223,223,223,13,32,44,36,223,59,60,213,71,255,58,133,238,117,60,81,95,233,233,177,133,216,12,125,90,221,221,82,134,4,121,173,30,121,173,234,234,17,87,117,117,117,117,117,117,117,117,138,220,120,107,117,238,117,60,81,95,233,233,177,133,216,12,125,90,221,221,82,147,4,147,186,30,147,186,234,234,17,87,117,117,117,117,117,117,117,117,59,59,1,58,58,58,121,200,228,224,218,220,206,226,236,239,222,220,33,52,33,190,229,47,221,221,197,241,194,206,201,216,41,41,48,47,38,44,47,36,44,47,40,40,37,7,33,33,33,33,33,33,33,33,206,233,226,234,205,232,237,229,220,33,52,33,237,239,236,220,59,58,102,58,58,58,125,146,112,134,134,134,134,227,143,112,227,112,112,134,112,206,185,172,220,188,218,172,177,170,158,206,174,200,185,218,179,148,181,221,212,203,216,160,169,216,203,199,218,203,185,203,201,218,207,213,212,142,169,210,152,202,202,178,214,181,185,174,191,142,142,151,157,145,59,58,134,58,58,58,132,186,188,179,186,188,175,175,175,144,144,242,245,233,231,242,166,229,219,216,245,203,186,252,245,255,223,193,166,234,245,166,242,245,233,231,242,166,204,241,0,207,235,243,202,182,251,200,233,252,195,203,244,251,243,180,218,238,251,243,232,244,231,239,242,218,255,246,235,180,206,235,231,234,217,59,58,220,58,58,58,121,68,75,80,23,252,59,49,46,75,33,16,82,75,85,53,25,34,71,86,37,65,73,32,12,81,30,63,82,252,65,74,64,230,72,75,63,61,72,252,66,14,54,16,70,65,70,71,20,76,12,23,252,64,75,252,72,75,63,61,72,252,63,68,59,60,0,79,119,58,111,207,27,85,186,77,174,1,169,6,153,241,198,228,136,153,241,10,6,245,157,220,207,157,2,73,198,207,157,2,73,68,26,240,216,68,26,240,215,160,94,26,98,68,178,73,178,199,152,48,240,1,31,136,59,60,7,71,255,58,123,62,170,84,49,140,5,167,40,157,27,137,131,170,14,244,131,167,57,40,57,27,10,240,53,118,123,75,36,210,223,67,167,214,153,27,223,10,10,14,171,127,196,235,132,136,167,32,167,1,10,84,131,119,236,244,153,5,23,14,153,249,162,40,235,88,59,59,71,58,58,58,127,184,162,185,147,159,178,154,169,157,166,158,155,134,184,174,157,168,95,147,145,158,180,131,136,136,155,120,111,177,148,178,93,146,184,162,185,126,163,91,103,140,146,153,156,130,115,181,156,174,142,91,103,165,121,145,115,161,162,161,160,111,183,119,94,65,65,159,152,133,59,58,247,58,58,58,110,109,77,107,61,66,59,47,95,63,89,74,107,68,37,70,110,101,92,105,49,58,105,92,88,107,92,57,108,107,107,102,101,31,114,1,23,23,23,23,69,88,100,92,23,52,23,58,99,41,91,91,67,59,58,227,58,58,58,108,83,50,54,43,60,11,11,20,27,14,20,19,21,16,20,19,21,12,12,3,17,17,3,55,61,76,90,39,38,38,79,22,27,93,58,88,17,49,68,80,72,15,237,3,3,3,3,39,72,86,59,58,22,58,58,58,97,121,136,127,134,138,127,133,132,54,83,54,89,130,72,122,122,98,134,101,105,94,111,62,62,71,79,65,74,73,67,74,73,63,63,54,68,68,54,106,59,60,146,79,119,58,95,244,47,85,38,17,17,110,193,42,148,181,43,88,38,47,1,194,110,135,127,248,135,131,219,50,88,88,50,17,110,172,198,198,206,194,13,97,59,59,27,58,58,58,148,227,242,3,3,13,11,4,10,11,6,10,11,2,2,251,9,9,251,207,200,204,207,205,194,201,192,3,239,245,194,208,223,220,220,199,12,19,213,240,206,9,238,204,190,205,226,191,2,7,37,251,251,251,251,220,186,199,199,189,186,188,196,251,22,251,193,206,201,188,207,194,200,201,3,2,37,251,251,251,251,251,251,251,251,218,16,237,237,232,230,59,60,7,61,229,58,106,21,154,87,54,75,166,51,0,181,241,84,99,66,57,66,48,42,99,66,84,81,127,120,37,103,103,103,103,103,103,103,103,103,103,103,103,3,66,99,75,54,103,190,103,208,75,157,51,59,59,152,58,58,58,134,116,76,104,75,71,80,65,176,176,166,169,175,163,169,173,163,169,177,177,172,142,184,184,184,184,184,184,184,184,184,184,184,184,87,107,106,100,117,106,100,184,157,184,87,108,166,116,116,76,104,75,71,80,65,176,176,166,166,175,164,160,173,164,160,177,177,184,170,170,184,68,62,113,99,84,87,59,58,117,58,58,58,95,184,225,168,173,239,204,234,163,195,214,226,218,161,127,149,149,149,149,149,149,149,149,149,149,149,149,185,234,231,214,233,222,228,227,149,178,149,59,58,149,58,58,58,130,189,189,200,191,198,190,192,189,198,200,194,198,200,190,190,159,181,181,181,181,181,181,181,181,18,190,159,181,181,181,181,250,3,249,193,159,18,190,159,159,253,232,219,11,235,9,219,224,217,205,253,221,247,232,9,226,195,228,12,3,250,7,207,216,7,250,246,9,250,232,250,248,59,59,210,58,58,58,108,38,43,49,48,234,21,46,228,54,54,14,34,17,5,10,251,234,234,228,229,237,219,226,239,219,226,235,235,235,204,42,5,24,40,8,38,24,13,22,218,42,10,52,5,38,15,240,17,41,48,59,59,168,58,58,58,102,69,86,142,103,86,69,73,84,69,102,85,84,84,59,58,128,79,158,136,136,136,136,90,73,61,69,136,141,136,103,60,150,68,68,92,88,91,119,96,113,128,128,150,148,59,59,239,58,58,58,96,216,192,187,210,192,187,214,214,211,249,207,207,207,207,43,10,0,16,1,22,255,251,22,20,21,207,194,207,9,10,9,11,52,50,13,24,43,27,59,60,146,61,229,58,134,133,55,58,22,176,242,242,242,242,91,181,214,214,184,181,187,211,242,73,242,196,241,220,187,238,205,223,220,10,13,176,242,242,242,242,242,242,242,242,160,208,253,88,58,97,142,94,118,205,88,10,175,103,22,10,196,241,220,187,238,205,223,220,10,13,214,223,187,181,214,242,211,73,52,40,67,59,60,27,71,255,58,96,151,190,34,8,151,187,21,52,90,35,35,152,230,230,61,152,48,74,35,152,152,100,152,152,48,48,87,35,35,35,152,217,178,74,178,48,100,178,59,58,119,58,58,58,106,160,162,159,173,164,173,160,160,163,159,159,168,174,175,162,170,160,164,170,160,163,159,159,168,173,168,162,168,174,160,164,168,174,160,163,159,159,159,168,174,167,162,174,160,164,174,160,162,59,59,128,58,58,58,121,168,170,165,170,169,169,164,168,168,168,177,170,171,167,173,169,165,173,169,167,168,177,185,165,177,185,169,169,164,168,168,177,171,172,167,177,170,169,165,177,170,169,164,177,170,176,164,168,168,177,171,175,166,177,169,167,168,174,174,165,174,174,169,59,59,17,58,58,58,103,56,53,57,57,32,28,40,55,32,56,54,57,32,26,52,32,26,56,56,53,32,26,27,53,57,57,57,32,27,31,54,30,56,52,30,56,54,57,30,52,30,56,56,228,38,59,60,130,81,225,58,97,172,123,192,98,241,253,26,26,26,233,95,23,49,141,23,49,95,26,233,46,141,233,46,49,49,118,167,80,98,126,123,98,54,123,103,57,54,98,28,59,60,107,81,225,58,109,230,57,152,218,198,118,8,184,75,218,149,75,5,207,3,3,3,187,72,210,115,26,118,210,115,26,72,3,0,118,0,26,26,75,215,195,126,77,75,5,230,5,72,3,3,233,46,69,72,233,26,59,59,141,58,58,58,136,184,155,180,173,112,119,113,162,173,107,66,116,72,168,90,97,91,116,119,110,183,106,117,108,91,181,95,180,173,112,119,113,162,173,91,112,97,96,91,119,173,97,108,107,121,112,183,106,118,119,106,108,97,181,107,180,173,112,119,113,180,181,180,180,181,99,112,99,113,86,88,111,114,81,65,60,158,165,59,60,248,65,241,58,126,23,62,216,216,216,216,216,216,216,216,191,121,54,54,33,19,110,79,8,187,236,107,180,61,142,26,1,36,215,194,215,173,159,36,215,1,250,16,85,62,216,216,216,216,216,216,216,216,216,216,216,216,68,215,36,236,187,216,163,216,205,236,86,180,180,12,8,33,59,59,125,58,58,58,107,74,69,84,165,165,171,176,162,174,173,168,174,173,164,164,169,131,157,157,157,157,157,157,157,157,157,157,157,157,58,102,103,113,96,103,113,157,184,157,58,105,171,97,97,73,109,70,74,69,59,58,161,58,58,58,101,250,201,201,211,215,204,213,210,206,213,210,202,202,205,171,193,193,193,193,193,193,193,193,193,193,193,193,229,22,19,2,21,10,16,15,193,222,193,201,201,201,212,204,59,60,199,71,255,58,143,68,146,220,16,68,146,220,246,207,120,16,120,220,220,73,103,103,103,103,103,103,103,103,32,220,73,103,103,103,103,232,93,219,3,73,32,220,73,73,103,73,15,254,85,197,37,171,85,150,59,159,15,111,193,254,171,176,29,254,206,145,28,119,171,185,46,145,232,180,171,232,254,232,206,171,28,106,93,207,46,67,81,219,219,163,59,60,189,81,225,58,98,205,214,50,53,188,85,85,59,174,154,151,220,200,151,220,108,108,108,163,163,21,50,7,87,119,41,7,122,217,197,21,53,139,50,41,168,223,50,162,251,59,58,10,58,58,58,147,115,122,126,68,77,124,111,107,126,111,76,127,126,126,121,120,50,133,20,42,42,42,42,88,107,119,111,42,71,42,77,118,60,110,110,86,122,89,93,82,99,50,50,60,66,53,63,55,63,51,51,54,20,42,42,42,42,78,111,125,109,124,115,122,126,115,121,120,42,71,42,77,118,60,110,110,86,122,89,93,82,99,50,50,60,67,53,65,62,59,59,130,58,58,58,142,159,185,182,155,155,158,124,162,162,162,162,69,99,94,94,100,99,101,93,162,175,162,104,119,96,101,118,91,97,96,154,155,124,162,162,162,162,162,162,162,162,94,97,101,99,94,162,114,105,101,116,84,107,76,95,70,104,182,87,76,70,158,162,103,75,67,88,95,86,117,84,67,107,162,175,162,81,73,77,154,104,119,96,101,59,58,69,58,58,58,130,185,174,180,179,109,110,177,180,168,166,177,101,176,130,124,117,128,177,180,168,166,177,101,167,130,192,109,109,118,125,119,111,118,110,112,109,118,117,114,118,117,110,110,113,118,123,126,113,109,109,118,123,124,112,122,110,114,122,110,113,109,109,118,124,125,111,118,110,112,109,118,120,59,59,118,58,58,58,94,75,71,73,79,79,74,78,78,78,71,69,62,81,69,79,75,69,79,81,78,66,75,66,79,79,123,65,148,141,136,86,143,59,78,78,78,59,59,199,58,58,58,119,246,224,246,243,222,218,246,243,222,224,223,242,218,242,222,222,219,232,41,231,35,28,231,27,28,40,38,27,231,53,234,41,16,30,10,218,32,240,231,30,37,231,53,235,223,223,247,225,246,222,224,223,246,244,218,246,244,222,222,231,51,59,58,132,58,58,58,115,236,233,242,164,250,193,250,175,172,172,172,182,185,186,175,181,181,173,177,181,181,173,175,172,181,183,177,181,183,173,173,164,233,242,232,191,164,230,223,237,225,193,247,248,246,237,242,235,178,231,236,229,246,172,250,173,164,59,58,177,58,58,58,120,22,31,21,236,209,35,22,37,38,35,31,209,37,18,19,29,22,223,20,32,31,20,18,37,217,19,218,209,22,31,21,218,217,218,14,217,23,38,31,20,37,26,32,31,217,218,187,209,209,209,209,209,209,209,209,209,209,209,209,16,248,12,59,60,133,65,241,58,131,157,79,184,135,58,177,100,142,135,157,164,121,142,58,44,121,101,114,48,157,157,227,220,20,178,20,164,192,20,164,34,121,142,58,44,121,101,51,48,226,157,157,6,220,171,220,164,178,157,227,213,192,227,213,164,164,185,157,157,6,241,171,220,164,178,157,220,248,192,220,248,164,164,59,60,241,69,221,58,109,213,169,169,169,67,1,202,12,67,180,224,12,67,180,202,169,100,224,100,180,180,213,169,169,67,34,191,12,180,202,169,12,34,224,12,34,180,180,213,169,169,78,89,191,12,180,202,169,45,224,45,59,60,252,81,225,58,117,171,171,240,148,148,237,27,217,122,171,7,122,171,240,148,148,237,237,217,122,171,7,122,171,240,148,148,148,214,4,217,99,4,171,7,99,4,171,217,148,122,122,7,122,122,171,171,240,148,148,237,145,217,99,4,171,7,99,4,59,59,13,58,58,58,147,52,57,53,53,31,31,51,28,52,50,53,27,28,56,27,28,52,52,232,34,239,246,219,45,244,40,53,53,28,51,28,52,50,53,37,56,37,52,52,57,42,235,45,241,246,45,249,246,234,236,249,45,223,40,235,194,244,200,56,242,34,45,244,239,45,223,41,29,45,225,245,240,247
